time,x,y,z,phi,theta,psi,x_velocity,y_velocity,z_velocity,phi_velocity,theta_velocity,psi_velocity,rotor_speed1,rotor_speed2,rotor_speed3,rotor_speed4
0.06,-2.67461912832e-07,5.48607131356e-07,10.0071164192,0.000397221558162,0.00022185837986,0.0,-2.35504657747e-05,4.56522735071e-05,0.237194134302,0.017352394249,0.0102225396552,0.0,478.15384041843265,478.93177960371816,477.7078450613562,479.0288738576268
0.12000000000000001,-9.23506190136e-06,1.68975381628e-05,10.0264448109,0.00161275672262,0.000533015699051,0.0,-0.000330235007952,0.000626683240888,0.407039668539,0.0255161222202,-0.00750745805538,0.0,459.27031125592436,457.86208780997913,458.32277428614566,458.9710107778284
0.18,-3.87998385245e-05,9.62319371757e-05,10.0550709284,0.00339809390349,6.28297270174,0.0,-0.000593351711287,0.00219788160452,0.547106667592,0.0371126462744,-0.0247407352123,0.0,450.79035395989223,449.39595373253945,448.6944635659432,449.6350409320737
0.23999999999999996,-6.39015337525e-05,0.000312061654196,10.0922818145,0.00558008361404,6.28171572706,0.0,-9.52276126663e-05,0.00523609106631,0.693177387353,0.034831168099,-0.0142798514538,0.0,451.37443422325265,452.2177335428611,451.52833497658264,451.34484598624226
0.3,-3.57528916001e-05,0.000751989041601,10.137257247,0.00786761275002,6.28121104147,0.0,0.00110202246042,0.00965583558681,0.805928923434,0.0440104552226,0.00130219834344,0.0,440.01862909164544,441.3066187274499,441.84295173594336,442.5996683103913
0.36000000000000004,7.51205065216e-05,0.0015229980097,10.1907578915,0.011239587782,6.28120339904,0.0,0.0025893457229,0.0163898668107,0.977291693053,0.0733814857625,-0.00315212080475,0.0,460.0276153002842,459.6748206872543,458.33039878971397,460.66037448235824
0.4200000000000001,0.000277753003914,0.00278946599487,10.2552135827,0.0157127711346,6.28109709002,0.0,0.00418167534915,0.0263379544787,1.17104621995,0.0767976493569,0.00085518274347,0.0,466.72599217468024,467.0386464969928,466.36203164290885,466.63281186154745
0.48000000000000015,0.000568121072665,0.00468356814744,10.3267636825,0.019989478261,6.28097494858,0.0,0.00549978772158,0.037216630564,1.21390490201,0.0569715365467,-0.00855593800196,0.0,420.9077438274662,420.09261098851925,419.9715553998352,418.25268809891736
0.5400000000000001,0.000949592024993,0.00737864234911,10.4043462576,0.023342748947,6.28063645456,0.0,0.00726200282706,0.052990029232,1.37199601828,0.0536282134322,-0.000370886397727,0.0,456.2771005074018,456.9301093817134,456.4791399123878,456.2143226383254
0.6000000000000002,0.00145489103646,0.0112116620382,10.4963097972,0.0265191294029,6.2807327067,0.0,0.00957488503415,0.0751978516956,1.69302571349,0.0515262989691,0.00528786569786,0.0,505.0017510313433,505.4096902732765,502.9450164306212,502.7942517222416
0.6600000000000003,0.00208285247314,0.0163274289849,10.6025219295,0.0292573830249,6.28079132802,0.0,0.0113339108119,0.0956460198097,1.84713258794,0.0300045059998,-0.00945717706043,0.0,456.6317062405718,455.4540187932291,458.00988277721854,456.2962160621506
0.7200000000000003,0.00282138402916,0.0227618919164,10.7192022052,0.0308510370286,6.28046372153,0.0,0.0133337618386,0.11902420819,2.04187548929,0.0185887329686,0.00152862331291,0.0,468.0476178229051,468.90186309949024,470.6308823233849,469.7466425450898
0.7800000000000004,0.00366877586764,0.0304494024586,10.8416362673,0.0320304690506,6.28006270026,0.0,0.0149173884998,0.137325540126,2.03926032356,0.0217126293142,-0.0331025738135,0.0,409.25265504349886,406.1586442227221,406.9115863923905,407.19113352075226
0.8400000000000004,0.00462848720956,0.0392858554329,10.9648336524,0.033167983832,6.27795029767,0.0,0.0172597567144,0.157332745148,2.06726312523,0.0127870670138,-0.0397862342232,0.0,418.4339019243537,417.8510439885743,417.677807026353,416.89867248736243
0.9000000000000005,0.00578717155657,0.0494483251087,11.0928815605,0.0344992884761,6.27554506508,0.0,0.0216180242296,0.181524376984,2.2007457127,0.0363592702341,-0.0406958972794,0.0,452.00474426030723,451.9306373561825,450.34921008618943,452.25176741487314
0.9600000000000005,0.00724648298731,0.0610388611159,11.2273044851,0.0365853752913,6.27311457901,0.0,0.0272654911182,0.205031810979,2.279852141,0.0313799073111,-0.0401352294617,0.0,434.9624679388187,435.00852679464805,435.43520478075254,435.0190068447621
1.0200000000000005,0.00907656666121,0.0740254001175,11.3649844235,0.0383658067104,6.27152184512,0.0,0.0339120572806,0.228017520393,2.3094092989,0.0260232675373,-0.00798408570687,0.0,417.6942532224192,420.4882946766908,419.76363918318975,419.298877571825
1.0800000000000005,0.0113602906104,0.0885265523894,11.50709562,0.0405640858255,6.27138816579,0.0,0.0422391992931,0.255546281959,2.42737602615,0.0521675992185,0.00733040199583,0.0,446.26693902874615,447.51524614732847,447.8079646973359,449.9301166518823
1.1400000000000006,0.0141451969378,0.104739883032,11.6564973262,0.0435640158988,6.27229219725,0.0,0.0505131788128,0.285210046362,2.55239321603,0.0452659848935,0.027237816367,0.0,449.85726846447534,451.4662465232548,450.8531145892725,450.29669521834774
1.2000000000000006,0.0173807072291,0.12270339294,11.8113069661,0.0463792935107,6.27405983089,0.0,0.0571729560136,0.313830639402,2.6077889982,0.0500408723813,0.033571075415,0.0,429.32265166899595,429.85996126520826,428.53810457488424,428.9451850859512
1.2600000000000007,0.021001147324,0.142551805587,11.9718253317,0.049776197937,6.27619480622,0.0,0.0632826736051,0.348112067054,2.7424895552,0.0672817708669,0.0393294398987,0.0,454.1938315333164,454.6559383751142,453.90029770133447,455.2838537611445
1.3200000000000007,0.024945284505,0.164570743798,12.1411439051,0.0538452460855,6.27841092748,0.0,0.0679317733082,0.386279413579,2.90104535029,0.0688673766428,0.0316579394378,0.0,462.53688415790305,461.9329023447453,462.65217929758495,462.780258944842
1.3800000000000008,0.0291131847346,0.188881302905,12.3183270983,0.0581470603279,6.28016552577,0.0,0.0708087143937,0.424488588637,3.00476272732,0.0768253271414,0.023915324362,0.0,447.68569579871996,447.05550283308907,445.32203143888063,445.9764316592302
1.4400000000000008,0.0334115575388,0.215425030613,12.499177135,0.0633223905988,6.28188194753,0.0,0.0723268297536,0.460741247037,3.02348739846,0.100453099051,0.0366397997878,0.0,420.0253468958073,421.1277311000694,417.904656206988,419.96556936690314
1.5000000000000009,0.0377715626017,0.24455276749,12.6859623097,0.0693088070916,0.00100161965229,0.0,0.0727494447015,0.510831530907,3.20214341199,0.0983799054505,0.0417508416348,0.0,470.6675261522177,471.06355132494525,469.58057199675034,469.4277158091168
1.560000000000001,0.0421045205536,0.27672851546,12.8821189681,0.0752940807607,0.00322362460985,0.0,0.0714269812222,0.562298773164,3.33596914652,0.102369143518,0.0253630692558,0.0,458.4890634502445,457.18575533753574,457.5906860551509,457.91639591260343
1.620000000000001,0.0463332947489,0.311693561063,13.0806961012,0.0812938193953,0.00481054594272,0.0,0.0694076705134,0.603692825003,3.28336994448,0.0947717098562,0.028535731225,0.0,398.48227983709927,398.77245181064524,397.2947005391722,396.60737345585017
1.680000000000001,0.0503908619251,0.349620902638,13.280764103,0.0865382817925,0.00648906521664,0.0,0.0656721504951,0.661087661568,3.38519923983,0.0656020584218,0.0268304448225,0.0,449.5305588121691,449.39254310979464,449.0482392510227,446.68162146770663
1.740000000000001,0.0541848812276,0.391157049694,13.4876609359,0.090910590168,0.00792586690986,0.0,0.0606353204272,0.723852408024,3.51092156762,0.084445484764,0.0174460294053,0.0,457.27845790068307,456.5303104733976,455.9660720248868,457.47288475645325
1.8000000000000012,0.0576454637433,0.436582640676,13.7023866505,0.0957169938446,0.00902790970478,0.0,0.0546054369811,0.790817553133,3.646103213,0.0695982949603,0.0201490717454,0.0,461.1636565228476,461.37705274310207,460.58010698352876,459.4091676041079
1.8600000000000012,0.0607216514673,0.486105484505,13.9250022536,0.100087624246,0.010103924445,0.0,0.0478161183219,0.860347547745,3.77392827454,0.0786489763699,0.0130873229495,0.0,458.8361533437387,458.27507752463066,459.91953446430847,460.6397346968735
1.9200000000000013,0.0633906636533,0.539679190104,14.1531515205,0.104386218772,0.0110037767705,0.0,0.0410721251684,0.925849020963,3.83078273446,0.0514983736457,0.0185675480206,0.0,437.82886951623465,438.2845120541176,439.58821414812905,437.3362428272534
1.9800000000000013,0.0656329886385,0.597291556856,14.3850174209,0.107527544583,0.0119797528225,0.0,0.0335725748268,0.9948278868,3.89779006163,0.0540160918358,0.0112132397005,0.0,442.4868176347143,441.8808456582511,441.81745312267856,442.02679427886784
2.0400000000000014,0.067381328635,0.659332862467,14.6230179723,0.110633797945,0.0130224833585,0.0,0.0246167334466,1.0734893248,4.03500948352,0.0468548615098,0.0274992074515,0.0,462.8862688599263,464.1661276097411,465.63192822061046,465.0729132980056
2.1000000000000014,0.0686087348756,0.725800269746,14.8660372695,0.114149963871,0.0149207602569,0.0,0.0161340937817,1.1423578236,4.06545597976,0.0753325948835,0.0388418788334,0.0,431.59576727872076,432.5525005880762,430.9450521799554,433.3480635049985
2.1600000000000015,0.0692467369691,0.796780573685,15.1135873272,0.118375805671,0.0179253042078,0.0,0.004851652699,1.22404426064,4.18567338342,0.058181594517,0.0662687546732,0.0,459.3690141135439,461.5403095651438,461.84226918634977,460.49094837840147
2.2200000000000015,0.0691784979759,0.872484485392,15.3661612953,0.121836935131,0.0221644709221,0.0,-0.00751320795487,1.29970381585,4.23319407577,0.0566747871195,0.0782252559587,0.0,438.99266146152894,439.987602929734,438.9484708001521,438.8257397789876
2.2800000000000016,0.0682556955727,0.952935049679,15.6227534983,0.125354498408,0.027883554569,0.0,-0.0237752204729,1.38226217675,4.31945108648,0.0622664420059,0.116973331912,0.0,450.01010118892964,453.1429934882638,452.213065920293,452.66562631513676
2.3400000000000016,0.066227882399,1.03842768608,15.8846696962,0.128962807337,0.0353449520086,0.0,-0.0445447524759,1.46778896553,4.41061608454,0.0555033897387,0.136071052231,0.0,453.95317911892965,455.496641048384,454.4467020962531,453.9066864632176
2.4000000000000017,0.0627668208773,1.12922135064,16.1528235025,0.132427633812,0.0439893970913,0.0,-0.0716938379639,1.55892787456,4.52724586248,0.0618925839918,0.156564279551,0.0,463.0187039442999,464.6464286989132,462.4607429373701,462.9659307229442
2.4600000000000017,0.0573040606206,1.22608502921,16.4319347897,0.136050181768,0.0535859786237,0.0,-0.111535187958,1.67013866611,4.77525417389,0.0571566992324,0.16595703807,0.0,501.97279743682566,502.6749934619129,503.6887596637256,503.34822425130585
2.520000000000002,0.0495649774837,1.32882069407,16.7194743716,0.13900109336,0.0633895332711,0.0,-0.147343261375,1.7546243785,4.80909868663,0.0241733133101,0.157703475502,0.0,441.70233143540827,441.04665373692296,442.33456007616456,439.61093013552676
2.580000000000002,0.0393578074692,1.43695710564,17.0110965142,0.140973529354,0.072912613987,0.0,-0.193842389088,1.84998989149,4.91104188679,0.0462214597362,0.160671085798,0.0,462.20053153957036,462.4572045099151,463.05286524697954,464.7846462888365
2.640000000000002,0.0262602952565,1.55066348084,17.3074869341,0.143968170437,0.0831990254273,0.0,-0.24368450953,1.94041093065,4.96819948446,0.0564200153492,0.1871226801,0.0,450.58587370232,452.7465748318558,448.9184819379785,449.74690163990465
2.700000000000002,0.0100911639364,1.66963527543,17.6058320715,0.147369426874,0.0940029125317,0.0,-0.296265916229,2.02555369287,4.97639375145,0.0572172749773,0.159717691316,0.0,436.896071006161,434.6361651365901,435.76253777126277,435.83145369765106
2.760000000000002,-0.00951404943586,1.79390781416,17.9055852778,0.1506519395,0.103311824168,0.0,-0.358102981289,2.11708907318,5.01498241627,0.0491509780289,0.143952520066,0.0,445.3641549616383,444.0952061708306,447.8415713167141,447.18685529218044
2.820000000000002,-0.0334097235042,1.92430370682,18.2114417738,0.153568532666,0.11234818906,0.0,-0.439323833527,2.22958046819,5.17921375182,0.0475055051638,0.161370606026,0.0,485.5818965215377,486.9059293601148,484.5915524807329,484.46906759753915
2.880000000000002,-0.0616687575022,2.06053888741,18.5209093654,0.156864548435,0.122410473181,0.0,-0.503462938207,2.31180278306,5.13633932476,0.0667110227902,0.17804146859,0.0,421.3588580895341,422.8261157578874,421.92975370961,423.5870188332292
2.940000000000002,-0.0940040134234,2.20182621275,18.8282356504,0.161070816961,0.133777717438,0.0,-0.575309751011,2.39805830327,5.10771295353,0.0761461867522,0.20581973889,0.0,425.3159053837767,427.72449392230527,427.7834116809137,428.5901528621143
3.000000000000002,-0.130847949337,2.34834926069,19.1338121925,0.165475312995,0.146038606242,0.0,-0.653851696183,2.48634967171,5.07797385855,0.0672807819077,0.201235096474,0.0,426.8259536738509,426.47733128751497,428.4975548917166,427.74749291881994
3.0600000000000023,-0.173001913214,2.50066092313,19.440144074,0.16926985063,0.15803483813,0.0,-0.752376724139,2.59093350209,5.13244215844,0.053612748839,0.197210984682,0.0,454.533840135543,454.2493558141878,456.6638088997427,455.5748182151722
3.1200000000000023,-0.221385172519,2.65939055364,19.7502135103,0.172712394194,0.169635897232,0.0,-0.861472271461,2.70020706299,5.20245882891,0.0639997438389,0.184243791492,0.0,462.50433366577744,461.5165118030991,460.5973765847295,461.4203586242341
3.1800000000000024,-0.276118568491,2.82430649846,20.0620220647,0.17637224499,0.180662430682,0.0,-0.96390554575,2.79720528328,5.19081252226,0.0541948517428,0.182823749442,0.0,436.9982534041499,436.9132034181338,437.1984649888282,436.3833167064108
3.2400000000000024,-0.336731473971,2.99464859582,20.37064129,0.179445039437,0.191573346582,0.0,-1.05738586822,2.88105680983,5.09657739763,0.044463176956,0.179826496604,0.0,410.18880464405,409.9575252026106,409.147592584469,408.28197724838475
3.3000000000000025,-0.40318818545,3.17011310349,20.6739303268,0.181724705263,0.202307204505,0.0,-1.15869392982,2.96788880001,5.01307167186,0.0201241925057,0.17697500834,0.0,413.1319294446771,412.91394581073155,414.0619322415857,411.91547637277915
3.3600000000000025,-0.4764542806,3.35129251333,20.9748628847,0.18289914942,0.21298832695,0.0,-1.28440886587,3.07137285183,5.01757120764,0.0184505709527,0.180025519473,0.0,441.8885287926436,442.1707150697455,443.85423776755715,443.71680112447666
3.4200000000000026,-0.558028299434,3.53915466084,21.2785951563,0.184190838936,0.2241102819,0.0,-1.43569321976,3.19056891513,5.1059075161,0.02706447637,0.194327389599,0.0,470.1719347586638,471.309855987615,470.28191720560477,470.9487410007006
3.4800000000000026,-0.648950301142,3.73420195823,21.5877348503,0.186589664965,0.235248615063,0.0,-1.59604769432,3.31094993507,5.19771105693,0.0578893964732,0.156162747918,0.0,475.412347080616,472.5084166947457,472.3617352375052,474.73392229467476
3.5400000000000027,-0.748876416606,3.93585487629,21.8989058563,0.190691130637,0.244828631287,0.0,-1.73558751688,3.41098807093,5.17422111453,0.083723993003,0.165879854772,0.0,438.8051537403679,439.6356714560823,437.4922226689983,439.64186429801896
3.6000000000000028,-0.857424251228,4.14362253643,22.2089320899,0.195421234232,0.254984184567,0.0,-1.88348008936,3.51484825304,5.1594259972,0.0666286271865,0.175273724218,0.0,442.80776782955434,443.6074519830981,443.20538361834105,441.8027069676663
3.660000000000003,-0.97536210043,4.35792382713,22.5192622892,0.199344357585,0.264934465375,0.0,-2.04861878666,3.62865515951,5.18410255915,0.0627765066925,0.129695916077,0.0,458.5094043455402,454.8971320389624,457.6121187967241,457.30833829114795
3.720000000000003,-1.10172937913,4.57789092287,22.8250594735,0.20283569617,0.273038391937,0.0,-2.16429038382,3.70379925219,5.00951575072,0.0469243278947,0.144071643313,0.0,388.8133874783106,390.17770442923205,389.20737814319403,387.7233244086433
3.780000000000003,-1.23713622406,4.80381064669,23.1272705545,0.20529122811,0.281420773726,0.0,-2.34992252644,3.82682414536,5.06323488596,0.0248833097715,0.129125678091,0.0,468.3620005461057,467.2148425483315,468.1137120978112,466.3958291965459
3.840000000000003,-1.38312224627,5.03661472547,23.4302113108,0.206721515903,0.288970554147,0.0,-2.51687949506,3.93323024077,5.0343428859,0.0216615253075,0.118261509801,0.0,442.2641991195129,441.38272961673204,443.19543807532256,442.9305649055258
3.900000000000003,-1.53848145533,5.27526079126,23.7288314733,0.207698811798,0.296035890121,0.0,-2.66236566022,4.02161349179,4.91971101592,0.00247448274996,0.116725091603,0.0,413.13067713369037,413.0087492902828,414.7420949505193,413.0529879659085
3.960000000000003,-1.70375866996,5.51991575998,24.0239893856,0.207511833422,0.302728673954,0.0,-2.84739906562,4.13329719034,4.91829952891,-0.0176854619138,0.0984021400087,0.0,453.6234191121398,452.15996361133125,453.106705165612,451.48277800647946
4.020000000000002,-1.87955481833,5.77076406026,24.3168161518,0.20651315397,0.308707181352,0.0,-3.01298651994,4.22806251105,4.84247157072,-0.0146404324088,0.102010661707,0.0,428.29424871804633,428.6100661375255,428.3559502860413,428.61495242398615
4.080000000000001,-2.06621516579,6.02777540651,24.6075848985,0.205869852046,0.31459313209,0.0,-3.2094730762,4.33863729803,4.84919215364,-0.00385383748017,0.0888367518067,0.0,457.0115499751664,455.9679772672129,456.81196463020956,457.6715956602541
4.14,-2.26345489779,6.29054441714,24.8947446252,0.205716716128,0.319937021738,0.0,-3.36571201254,4.42019841498,4.72292389773,-6.83680839579e-05,0.0895168052005,0.0,411.849150713508,411.91660655708677,412.23644141058804,412.5709426415522
4.199999999999998,-2.47128085646,6.5588598754,25.177604398,0.205766333663,0.325210409992,0.0,-3.56223433822,4.52339595166,4.70520387734,0.00256018897739,0.0844218163936,0.0,449.89052972881314,449.48402056384936,450.1127734753813,450.32547687304077
4.259999999999997,-2.69074398754,6.83317346097,25.4586085031,0.205648269153,0.330090466583,0.0,-3.75362374328,4.62016356023,4.66120955173,-0.0130566566158,0.0743116382249,0.0,443.2747823073781,442.4483308488242,442.27263019569097,440.98424576493323
4.319999999999996,-2.92156576529,7.11311839017,25.7363051403,0.205050567449,0.334622283442,0.0,-3.94085868449,4.7110720919,4.59510467727,-0.00439671374524,0.0778611979966,0.0,434.7763108970013,435.07828899625014,435.6390478397057,436.3628559494396
4.379999999999995,-3.16373955007,7.39848515522,26.0100709279,0.20462757739,0.339307045464,0.0,-4.13203957959,4.80091045607,4.53013664761,-0.0129685374624,0.0785119148819,0.0,437.2618172812833,437.32099867405645,435.991188489037,435.2743590965435
4.439999999999993,-3.41735574392,7.68912185377,26.2795538894,0.203801880191,0.343796170806,0.0,-4.32229575473,4.88670982033,4.45241575941,-0.0153968761795,0.066167204923,0.0,432.85104344460717,431.815171935763,433.09422109197527,432.8899878297362
4.499999999999992,-3.68339794199,7.98536945296,26.5468419366,0.202603735094,0.347748475424,0.0,-4.54608391262,4.98780786536,4.456502148,-0.0311914963963,0.0652744718723,0.0,461.45229178260274,461.3848372078729,461.26315125707134,460.01386235210543
4.559999999999991,-3.96367027804,8.2880043584,26.8162326594,0.200916254726,0.352033097504,0.0,-4.79656117655,5.09945195383,4.52212470681,-0.0226061365909,0.0814862483256,0.0,482.18774658595134,483.4145726489845,481.6726131653735,482.3214352279336
4.6199999999999894,-4.25761542886,8.59646299821,27.0855922351,0.199527063684,0.356926135115,0.0,-5.00210290526,5.18215095049,4.45618261384,-0.0242702308006,0.0816789929939,0.0,441.2103350138014,441.2316848855406,441.4466043558297,441.30918208863767
4.679999999999988,-4.56492522099,8.9103045908,27.3533662924,0.19781585625,0.361379229253,0.0,-5.24192628623,5.27874600392,4.46877165518,-0.0387704969317,0.051934854595,0.0,469.2991097817728,466.98787978880915,469.4588370412228,468.3318823477645
4.739999999999987,-4.88702394433,9.23001038083,27.6225923019,0.195396845128,0.365188057064,0.0,-5.49494421159,5.37751781059,4.50449108734,-0.0436033611637,0.0799996916634,0.0,476.7903930012848,478.93270081077213,477.8306572815812,477.46128165655426
4.799999999999986,-5.22213530728,9.55439320304,27.8880638856,0.192489774196,0.370173150743,0.0,-5.67612599292,5.43492193044,4.34477920765,-0.0605306623404,0.0886307710575,0.0,413.3846117129346,414.15085040691685,412.2170224287591,410.7162551372723
4.859999999999984,-5.56982297799,9.88291481288,28.1479349291,0.188890445792,0.375448920408,0.0,-5.91398064317,5.51517376194,4.31694895964,-0.058926995318,0.0864897219495,0.0,458.06032828512997,457.89615211958653,459.29273483302546,459.4175261094955
4.919999999999983,-5.93119450432,10.2157993621,28.4042845908,0.186307135574,0.38042438295,0.0,-6.13234860122,5.58051514895,4.22774385533,-0.0224235584901,0.0746258292505,0.0,439.7465718297607,438.7680771330831,437.46267967395715,440.4911892907511
4.979999999999982,-6.30743572517,10.5532827856,28.6592564067,0.185182184238,0.384656482652,0.0,-6.40933688366,5.66842303834,4.27010776159,-0.0122614843238,0.0607547909478,0.0,484.17975651360683,483.138115554352,483.5724133671558,484.337561203541
5.0399999999999805,-6.69835134791,10.8950333634,28.9116700646,0.184015414924,0.388139224572,0.0,-6.62178891879,5.72301944377,4.1435674213,-0.0404221317435,0.0519897761436,0.0,428.5669227608901,427.82350659350146,431.7873706490095,429.40427456635564
